NEW EXPERIMENT
-293.172247693
-120.96758974
-312.903271086
-312.093133057
-365.330027549
-144.022053718
-250.987568331
-209.617393689
-110.457455795
-186.444821959
-580.224143678
-281.386541051
-128.960203946
-310.640850817
-245.86168293
-150.970225808
-335.231583079
-150.938337965
-232.032586336
-51.6588956067
-199.231797895
-138.727976705
-166.645074522
-253.814000027
-141.806053457
-351.012511411
-144.717353932
-263.868528009
-311.840760623
-316.841764205
-343.760786212
-149.38763477
-138.618887056
-330.881835617
-173.974829913
-379.051556937
-118.078262584
-152.722559275
-115.907840084
-130.921014633
-152.066306072
-220.225410567
-142.163128465
-97.808300203
-198.873799389
-217.559022402
-192.613582438
-140.878135937
-76.2127200024
-86.2488323156
-149.52013673
-159.556499833
-399.337176878
-118.380323895
-149.59624266
-99.9315820764
-323.79255424
-208.048444871
-130.491354512
-130.345239315
-74.095850055
-358.301918322
-78.0877287213
-53.1593069451
-235.465948649
-39.5418627126
-70.9086833963
-94.9319136864
-110.290455113
-200.24377577
-123.973501799
-87.3000465791
-29.5606126089
-99.3429598944
-158.084775582
-43.2644301366
-101.514677892
-111.926030325
-37.684025899
-118.436319991
-259.272490154
-217.301156465
-205.560821052
-54.8130005784
-216.515076052
-116.34404993
-126.918628685
-64.7438411761
-115.457454364
-98.9502873503
-217.731210469
-88.8880168137
-56.4137646049
-127.388087475
-126.825007576
-113.102731664
-19.0042741731
-113.063652636
-156.711226535
-178.180879819
-94.0807872888
-116.428769479
-183.694178657
-20.414292971
-280.340654999
-19.108197056
-102.607792395
-208.216344413
-28.4586397487
-132.788167832
-215.729342457
-215.412983653
-102.035367066
-236.469690539
-51.0418040936
-50.7235770743
-42.6189309731
-209.98696979
-68.3720466671
4.91193146804
-52.0330156336
-31.3192770691
-75.1353143982
-69.5619225275
-8.36336176565
-123.932325805
-75.8949027909
-24.1167202918
-75.8220826965
-57.453523748
22.9806829111
-361.432078855
-37.5689305739
-35.173033932
13.3405418606
-39.9404127706
16.9142703386
-8.80738171962
-38.7742842322
-27.3480684153
-200.840490015
-120.920993788
-57.9147090551
-23.1347611157
-118.60380903
-39.7467650611
-10.0769346695
-43.3977503201
-11.7165504425
-61.5778376268
-36.6867319902
-19.7292245268
2.10035787826
-47.1234156134
-110.559526463
-57.8730405644
-58.4187752446
-8.70546016479
20.017013605
-102.385276195
-64.4726009437
32.5923414756
15.1504707495
-34.053614932
-36.5184694319
-45.3129193644
-74.7240145432
39.8828557223
64.1873562274
53.3630873353
37.2170666188
39.1861603758
-160.495267646
-48.8910251323
24.2348881137
-70.9273205588
28.6490686635
92.25475467
193.051089186
42.2044460122
69.8130480893
10.025421287
167.454501229
72.1024158079
79.7458185912
207.864811726
19.0262920256
163.65765979
-140.63581323
51.9937261812
38.8230348077
199.728577948
90.9488875189
67.5052968726
217.757436724
79.6692118423
13.9996779956
214.777826859
83.1147900057
-177.304345404
-26.3519646207
81.6728178995
-29.6406612646
97.4781028591
22.2823508716
188.445728658
61.6333360156
202.822355124
66.1090862118
223.050111241
203.593063689
234.846273685
175.393600996
185.016151607
190.030421909
197.270636538
134.113311285
200.516502121
51.6130425649
198.89265643
204.537537788
102.509695793
117.410476108
163.072382078
79.9898742056
205.638201027
224.916266605
241.411554052
101.514898932
212.999873908
248.343340481
197.54855442
224.734836422
193.940021638
153.318271443
110.947751084
187.413131194
242.417290184
191.752656924
207.312971405
198.75323042
180.918272453
219.878309922
218.124218014
203.934683834
179.413869678
200.75410108
226.537189378
212.359896637
218.031007805
185.870654458
217.180887447
183.036535146
171.702192709
163.686824374
185.081254726
221.629181638
187.024824536
160.588807828
130.023428311
181.958928936
201.813412532
187.585507398
191.661812789
182.700486083
200.061235279
224.618380122
110.797646099
265.752278055
251.144960055
158.487699978
212.513748894
198.506229064
215.489458982
191.808709177
157.421593991
206.168331429
72.0654100233
253.418872539
219.44359164
201.750865934
242.984190813
194.101129842
209.638591684
168.488409383
148.135410042
-17.1139515277
-220.197191572
194.665846199
208.405171881
175.225687233
197.09153082
155.427183219
225.30902327
168.593185271
270.762893971
233.099331174
241.765346732
198.755587899
185.501879913
249.690396003
-97.6444206765
228.306494708
221.499139975
212.203077292
147.564536819
211.601327715
-98.6593385754
173.028862419
122.486452861
-237.08179479
-329.971146306
217.247085075
200.83985171
202.473644799
185.397381836
221.943028843
198.632765492
232.700696709
216.934431947
238.400301024
254.260295736
236.661919747
233.744638985
196.062493509
231.913569622
230.762822468
209.420593563
215.561171144
247.637615797
182.791088869
249.293114236
149.525779167
206.878476567
258.9697363
218.650083043
210.827489459
194.920507004
227.967625453
216.9738752
198.181320603
192.637911343
67.6199829161
220.975885291
217.032862829
168.434669604
220.163906006
194.612860105
195.278985885
217.075313705
-19.9169875172
190.764386547
223.207610907
211.125648532
205.19147574
261.279501256
251.335392433
213.085603919
190.966227609
215.231339744
191.699488478
239.716631613
86.4162157025
222.285154637
216.02592251
237.52637619
182.347320161
229.136082249
199.196747818
186.570946268
199.991621742
170.262825971
-75.9674405035
140.48348395
200.976552827
236.66712415
131.226110474
224.43548486
227.408108483
203.560704842
194.79200081
208.255339208
51.3311707266
215.063628841
220.296651863
177.173815414
39.6116282147
195.2472383
216.447388174
-168.968626608
234.066922305
126.317356949
200.453306147
190.047442393
267.48459626
232.057873227
226.721623573
184.615181724
240.694071416
234.901074474
215.20252569
203.158469929
222.733099501
162.897487477
221.271686834
175.599023544
188.559391039
212.913492355
220.338164306
246.890460439
227.934942779
233.313471244
222.391304481
214.61301827
246.083475451
203.515006926
223.329352779
53.9742038244
194.143581443
202.191838245
214.325629917
190.058832959
188.549239079
174.920701272
258.530180939
184.145712304
183.129718983
255.505844512
207.16164883
192.534548894
209.319337817
222.228217023
219.484338044
136.310119354
198.847040957
224.513351555
175.910424509
223.077521876
200.665348376
228.219810338
179.050851322
231.723535871
232.581540083
220.20918693
202.972139976
-26.8556670468
210.408769792
234.381179662
224.791880859
230.468857917
237.077701831
-17.5736837057
231.175028991
250.705835604
223.609470212
249.254731265
240.211541428
194.574848969
-4.77539396832
237.049765134
223.757334905
251.760391418
204.608669822
211.542232758
224.3734176
234.74053861
239.684478957
243.339790918
202.199677484
231.142796902
208.779365728
216.7592618
162.742225036
-325.168735673
5.78320845172
154.796546118
119.127378651
232.61861878
255.28363135
223.102736157
231.278118032
206.826110623
149.750345164
247.764300524
184.045690703
242.224496007
202.178059588
203.849359809
257.06757633
255.75424627
215.974653507
220.862040451
206.661567336
254.437005961
215.759046023
-15.2029147588
30.2371142654
201.594169106
221.554421016
208.348594422
241.871310354
200.252101278
76.669141991
225.194186181
185.642375287
-32.8322887637
-71.0064177285
-196.259495771
152.614375002
-31.3694607589
-81.7811297466
241.267809555
253.108722917
218.977239095
226.99361646
225.628916236
257.414326509
213.353549458
212.389947739
256.778662583
254.191815438
113.914728822
157.925793678
241.990829172
201.504654527
205.842866584
205.237938854
195.957868369
246.310236892
256.815362136
-58.738987748
191.87673252
225.977159608
191.864554332
196.226634999
157.472234864
204.225703868
233.576147343
196.475592877
-78.335363588
173.254711361
220.349400928
197.931688962
152.677501857
223.572702962
211.434988287
209.26601298
178.397827559
-65.6164947882
202.965431834
-109.78976536
242.299803471
123.734235881
182.66665596
197.370847365
240.410175244
249.763536367
202.300523465
233.912532654
221.364870816
199.606751409
205.067441655
-31.8705206826
192.103465229
216.635773455
171.917408758
218.549352129
95.6165802708
216.560158324
237.51079463
180.68668744
229.275009602
241.388798218
188.675262674
209.892291665
249.374794836
224.919387942
116.063493912
199.993964847
229.796924302
213.707547325
241.003652032
215.01836318
222.718366812
202.543477019
252.276114469
193.002707083
209.863175648
224.395131533
225.48026939
235.12941765
248.763447327
206.837457331
230.641895146
248.731228108
234.433771818
221.670365883
229.295151968
251.982398278
223.302264825
242.189902818
-73.9715754738
267.15858581
197.470122308
236.179201376
169.943156595
194.05500552
145.226828593
-72.2102461626
227.048377632
239.640943903
209.968994645
203.254182583
127.200638973
196.492524262
227.683592119
201.003861394
212.590161302
236.57536197
226.959611158
210.316237092
143.203861967
234.613500668
201.221493595
222.835428696
259.931480755
142.007184569
216.75398866
198.635416251
223.846642579
251.48433556
207.5679118
246.755522103
-401.491145985
29.6588735683
241.290297173
252.873199396
192.731980085
204.127000769
194.44997598
-29.2744913502
220.895011046
240.687217876
229.943237812
211.11937162
239.083700237
189.490286718
244.530395848
201.915818213
210.112357185
242.975624559
259.865214348
232.53693296
248.776291199
-199.708296295
-75.3893371619
189.555077896
249.049375107
193.855675515
231.761096908
250.020002288
213.409391451
-146.449752735
231.349101809
210.804064701
192.800972123
197.421017526
237.268055906
228.891660415
192.433018915
228.616771285
246.278058962
240.840401569
261.110926144
189.891027071
233.831264791
230.375620012
260.168837587
-12.6742162782
257.017811758
206.473754923
236.864154353
204.218036785
228.257845537
214.409105514
237.712158623
220.848123883
216.860295614
73.3650246974
205.039642244
241.306894958
200.4396638
213.60745992
218.584536386
229.009200261
207.68657715
197.910464071
191.753273703
248.393808129
225.598527125
230.066212837
239.818092253
196.637873472
227.887694178
173.030047007
192.772711277
223.42387902
221.308002275
209.812613122
208.477746762
179.294073143
220.6744052
192.693898669
192.09392748
188.323130009
217.543516377
254.854965615
217.271833862
162.151774163
245.94907083
237.89201267
216.548969969
250.031154483
217.97539605
211.690279232
208.928331818
220.442771497
244.315456629
184.935522403
249.568541675
225.41017063
228.215306386
196.133320222
